sample_ID	baseA	baseC	baseG	baseT	no_sites
AH197	0.26902	0.23351	0.24117	0.25631	21018
AH198	0.28084	0.21569	0.22389	0.27958	274739
AH199	0.26516	0.23402	0.24066	0.26017	817021
CLP2570	0.28353	0.21699	0.22165	0.27783	165671
IRL57	0.27828	0.21805	0.22755	0.27612	64614
JA22541	0.28165	0.21525	0.22218	0.28093	390819
JA24801	0.27918	0.21691	0.22816	0.27575	238791
JHT2138	0.26257	0.23595	0.2436	0.25788	625667
JHT2139	0.25802	0.23939	0.25104	0.25155	3864
JHT2140	0.27308	0.22573	0.23182	0.26937	934460
JHT2141	0.26211	0.23522	0.24379	0.25889	410662
JHT2142	0.27396	0.22524	0.23172	0.26908	615848
JHT2143	0.26461	0.23504	0.2408	0.25955	825151
JHT2144	0.27305	0.22434	0.23268	0.26992	464042
JHT2145	0.27349	0.22525	0.23112	0.27014	959460
JHT2153	0.2738	0.22529	0.23064	0.27027	981966
JHT2261	0.27435	0.22536	0.23021	0.27009	465440
JHT2264	0.27333	0.22539	0.23117	0.2701	445824
JHT2308	0.27355	0.22539	0.23158	0.26948	347833
JHT2309	0.27223	0.22473	0.23309	0.26994	147187
JHT2310	0.27196	0.22669	0.23316	0.2682	609843
JHT2312	0.27551	0.22365	0.23052	0.27033	188854
JHT2314	0.27331	0.22535	0.23217	0.26917	323785
JHT2327	0.26295	0.2352	0.24389	0.25796	252845
JHT2328	0.2616	0.23728	0.24314	0.25798	335112
JHT2329	0.27238	0.22478	0.23176	0.27108	361735
JHT2349	0.27201	0.22639	0.23194	0.26966	671339
JHT2350	0.27297	0.22569	0.23125	0.27008	575826
JHT2560	0.27302	0.22685	0.23099	0.26914	345893
JHT2561	0.27208	0.22663	0.23297	0.26832	517999
JHT2562	0.27376	0.22624	0.23056	0.26944	422111
JHT2760	0.26122	0.23804	0.24445	0.2563	200508
JHT2761	0.2688	0.23249	0.24884	0.24987	20551
JHT2772	0.27562	0.22361	0.22962	0.27115	447676
JHT2812	0.27406	0.22402	0.2309	0.27102	475344
JHT2815	0.2733	0.22492	0.23163	0.27014	655187
JHT2883	0.27584	0.22383	0.22942	0.27091	657721
JHT2955	0.27268	0.22601	0.23164	0.26966	791858
JHT2956	0.26346	0.23496	0.24103	0.26054	283674
JHT3719	0.26196	0.24123	0.24229	0.25452	25635
JHT3762	0.26318	0.23412	0.24158	0.26112	363382
JHT3827	0.26421	0.23688	0.24274	0.25617	20182
JHT3828	0.26226	0.23606	0.24334	0.25834	306136
JHT3829	0.26427	0.23433	0.24093	0.26046	396667
JHT3830	0.26279	0.23519	0.24326	0.25876	387271
JHT4090	0.27008	0.2288	0.2349	0.26622	907447
JHT4091	0.26983	0.22909	0.23701	0.26408	234693
JHT4092	0.26941	0.23073	0.23599	0.26388	554556
JHT4093	0.26942	0.2298	0.23558	0.2652	974542
JHT4094	0.26937	0.22997	0.23753	0.26313	522545
JHT4095	0.27206	0.23186	0.23696	0.25912	88431
JHT4096	0.26993	0.23188	0.23584	0.26235	100785
JHT4097	0.2674	0.23146	0.23758	0.26356	800212
JHT4098	0.26873	0.23076	0.23647	0.26403	792407
JHT4099	0.26878	0.23023	0.23666	0.26434	918541
JHT4100	0.26679	0.23222	0.23974	0.26125	285533
JHT4102	0.26953	0.23002	0.23565	0.2648	880604
JHT4103	0.27051	0.22544	0.23427	0.26978	66903
JHT4104	0.27277	0.22658	0.23941	0.26124	15972
JHT4105	0.26518	0.23306	0.24292	0.25884	40125
JHT4106	0.26756	0.23128	0.23925	0.26191	69774
JHT4107	0.26778	0.23225	0.238	0.26197	355881
JHT4108	0.24898	0.22801	0.25366	0.26934	4912
JHT4110	0.26718	0.23303	0.23629	0.26349	84918
JHT4111	0.27029	0.22913	0.23569	0.26488	451821
JHT4113	0.26925	0.23005	0.23779	0.2629	352680
JHT4114	0.26925	0.22984	0.23558	0.26533	137136
JHT4115	0.27085	0.22878	0.23419	0.26617	549683
JHT4118	0.26417	0.2327	0.24416	0.25897	43006
JHT4119	0.26705	0.232	0.23874	0.2622	860095
JHT4120	0.26513	0.23388	0.2402	0.26078	687016
JHT4122	0.26547	0.23467	0.2417	0.25816	183667
JHT4124	0.2649	0.23519	0.24105	0.25885	253075
JHT4125	0.26576	0.23381	0.23524	0.26519	6980
KEN177	0.26186	0.23668	0.24396	0.2575	157027
KEN589	0.26644	0.23395	0.2452	0.25441	9019
KEN590	0.26702	0.23445	0.23835	0.26018	301720
KEN591	0.26521	0.23425	0.24122	0.25932	319757
KEN592	0.26581	0.23418	0.24275	0.25726	273048
LK2	0.26522	0.23308	0.2431	0.2586	236356
MG66	0.27683	0.21721	0.24949	0.25647	2944
MVZ143381	0.26289	0.23548	0.2434	0.25823	327194
MVZ145471	0.26183	0.23704	0.24417	0.25696	307629
MVZ145484	0.26429	0.23371	0.24073	0.26127	20330
MVZ149013	0.26656	0.22219	0.24084	0.27041	24950
MVZ150254	0.26884	0.23012	0.23917	0.26186	343143
MVZ175967	0.27171	0.22718	0.23433	0.26678	828147
MVZ203928	0.27059	0.22701	0.23649	0.26591	444837
MVZ207321	0.25478	0.25717	0.22213	0.26592	1256
MVZ207327	0.2735	0.22607	0.23286	0.26756	776780
MVZ263760	0.26563	0.23389	0.24201	0.25847	310906
MVZ263761	0.2663	0.2319	0.23939	0.26241	647781
MVZ263872	0.266	0.22828	0.23566	0.27006	36159
MVZ263873	0.26863	0.2293	0.23694	0.26513	427898
MVZ264276	0.27114	0.22724	0.23418	0.26745	434829
MVZ264277	0.26278	0.23694	0.24472	0.25556	131745
MVZ264278	0.2695	0.22935	0.23718	0.26398	297687
MVZ265381	0.27113	0.22652	0.23517	0.26718	702346
MVZ265653	0.26491	0.23432	0.24042	0.26035	700756
MVZ269988	0.26574	0.23384	0.24031	0.26012	671078
MVZ269989	0.2672	0.23079	0.2391	0.26291	279781
MVZ269990	0.26928	0.22933	0.23793	0.26346	227378
MVZ269991	0.26649	0.23283	0.23939	0.2613	447343
MVZ3720	0.24781	0.22587	0.25598	0.27034	799
N1020	0.27223	0.21515	0.28156	0.23106	1822
N918	0.27148	0.22651	0.23689	0.26512	121222
N919	0.3211	0.19266	0.13761	0.34862	109
N997	0.27225	0.24084	0.23037	0.25654	573
Rber1113a	0.28139	0.21767	0.21925	0.2817	529187
Rber1114	0.28325	0.21417	0.21894	0.28364	161847
RblaD2864	0.28275	0.21634	0.21648	0.28443	272537
RblaD2865	0.28275	0.2158	0.21882	0.28262	209637
RchiT2034a	0.28501	0.21039	0.22071	0.28388	164209
RneoT480	0.28075	0.21773	0.21937	0.28215	461444
RneoT527	0.28261	0.21563	0.2179	0.28385	455235
RsphT25870	0.28489	0.21555	0.21854	0.28101	347462
RsphT26064	0.28327	0.21552	0.21799	0.28323	369242
T105	0.28128	0.21618	0.22251	0.28003	589470
T1127	0.2807	0.21756	0.22261	0.27913	1643329
T117	0.27261	0.22686	0.23329	0.26724	637695
T11	0.27147	0.2263	0.23591	0.26633	184042
T130	0.24461	0.22423	0.23937	0.29179	1717
T131	0.27053	0.22811	0.23513	0.26624	559093
T134	0.27054	0.22835	0.23501	0.2661	197933
T135	0.27099	0.22794	0.2348	0.26628	606919
T136	0.27131	0.22739	0.23564	0.26565	410891
T137	0.27125	0.22797	0.23527	0.26552	577267
T138	0.26969	0.22947	0.23564	0.2652	777568
T139	0.26932	0.22933	0.23637	0.26498	751933
T140	0.26852	0.22964	0.23785	0.264	570161
T14178	0.28052	0.21773	0.22287	0.27888	878566
T14179	NA	NA	NA	NA	NA
T14182	0.28039	0.21801	0.22263	0.27898	1681936
T14192	0.26335	0.2339	0.24449	0.25825	142609
T14193	0.26037	0.23933	0.24319	0.25711	59927
T14194	0.26229	0.23707	0.24547	0.25516	439781
T14197	0.2617	0.23707	0.24613	0.2551	261337
T14198	0.26353	0.23415	0.24415	0.25818	214970
T14199	0.28317	0.21482	0.22	0.28201	446446
T141	0.26786	0.22933	0.23983	0.26298	242373
T14203	0.26123	0.23715	0.24581	0.25582	463083
T14204	0.28066	0.21711	0.22227	0.27996	1041810
T14224	0.28111	0.21633	0.2218	0.28076	1017923
T14236	0.28356	0.21496	0.22101	0.28047	280860
T14298	0.28212	0.21748	0.22157	0.27884	338614
T14316	0.28392	0.21223	0.21781	0.28604	203296
T14318	0.28417	0.2122	0.21676	0.28687	296336
T14429	0.28448	0.20519	0.21492	0.29542	6481
T14438	0.2819	0.21583	0.22099	0.28129	1007767
T14440	0.29119	0.18866	0.23554	0.28461	3012
T147	0.28448	0.21447	0.2167	0.28435	391146
T149	0.28585	0.21239	0.21674	0.28502	245377
T15	0.27309	0.222	0.23583	0.26908	18788
T1952	0.28097	0.21616	0.22143	0.28144	1075550
T1957	0.28263	0.21507	0.22024	0.28205	917819
T1958	0.28197	0.21665	0.22188	0.27951	1254631
T1959	0.28429	0.21418	0.21878	0.28276	707424
T1960	0.28389	0.21395	0.21876	0.2834	716206
T1961	0.28129	0.21674	0.22115	0.28082	1089154
T1962	0.26923	0.19633	0.22558	0.30886	2890
T1963	0.28249	0.21606	0.22068	0.28077	1273684
T1964	0.28261	0.21558	0.22083	0.28099	1214382
T1965	0.28095	0.21687	0.2218	0.28038	1463701
T1969	0.2852	0.21086	0.21349	0.29045	155126
T1987	0.28215	0.21617	0.22051	0.28117	1146600
T1989	0.28171	0.21586	0.22138	0.28105	945618
T1991	0.28072	0.21712	0.22271	0.27945	992939
T1995	0.28083	0.21636	0.22225	0.28055	1258219
T1996	0.28026	0.21713	0.22227	0.28035	1027362
T1997	0.28093	0.21719	0.22247	0.27941	538260
T2002	0.28118	0.21686	0.22149	0.28047	1188912
T2020	0.28292	0.21629	0.22118	0.27961	789657
T2022	0.28425	0.21578	0.21903	0.28095	233110
T2024	0.28389	0.21484	0.22029	0.28098	489697
T2025	0.28711	0.21011	0.21705	0.28573	180950
T2057	0.28532	0.2131	0.21699	0.2846	399389
T2059	0.28172	0.21637	0.22136	0.28056	1227339
T2068	0.28412	0.21474	0.21745	0.28369	510769
T2072	0.28159	0.21616	0.22182	0.28043	999799
T208	0.27149	0.22833	0.23307	0.26711	343774
T2092	0.2711	0.2015	0.23604	0.29136	6600
T2099	0.28449	0.21329	0.21652	0.28571	449559
T209	0.27093	0.22837	0.23368	0.26702	758553
T2103	0.2983	0.20253	0.2043	0.29486	190383
T210	0.2707	0.2294	0.2354	0.2645	295125
T211	0.28141	0.21603	0.22243	0.28014	813723
T24735	0.28097	0.2172	0.22167	0.28016	1411623
T24737	0.28119	0.21725	0.2214	0.28016	1435970
T24740	0.28245	0.21552	0.22043	0.28161	987248
T24741	0.28136	0.2167	0.22089	0.28105	1254214
T24745	0.28248	0.21609	0.21991	0.28152	1116245
T24746	0.2831	0.2155	0.21906	0.28235	497735
T24978	0.26563	0.21862	0.23323	0.28252	10054
T24985	0.28127	0.21777	0.22042	0.28054	109390
T2757	NA	NA	NA	NA	NA
T281	0.28199	0.21669	0.22227	0.27905	487448
T282	0.2814	0.21661	0.22155	0.28043	1051176
T283	0.28271	0.21585	0.22223	0.27921	664158
T290	0.28207	0.21632	0.22164	0.27997	1170746
T294	0.28121	0.21708	0.22236	0.27935	1351262
T3039	0.28096	0.21744	0.2222	0.27939	1494744
T3040	0.28027	0.21809	0.22201	0.27963	1091534
T3041	0.28136	0.21685	0.22172	0.28007	1204316
T3042	0.28287	0.21362	0.2167	0.28681	130504
T3043	0.28231	0.2162	0.22146	0.28003	1407482
T3405	0.28036	0.21796	0.22265	0.27903	1513966
T3425	0.28043	0.21761	0.22221	0.27976	1418241
T3430	0.28224	0.21561	0.22128	0.28087	1165908
T3437	0.2815	0.21714	0.22198	0.27937	1060676
T3447	0.28137	0.21672	0.22146	0.28045	1262203
T3449	0.28193	0.21674	0.22091	0.28042	1085013
T351	0.26853	0.23029	0.23848	0.2627	482214
T3544	0.28232	0.21624	0.22121	0.28023	1412087
T3545	0.28288	0.21563	0.22012	0.28136	1060584
T3548	NA	NA	NA	NA	NA
T3549	0.27087	0.22648	0.23436	0.26829	716538
T3552	0.27026	0.22711	0.23616	0.26647	611987
T3553	0.2381	0.22711	0.27293	0.26187	273
T3554	0.26825	0.23015	0.23773	0.26387	241515
T3555	0.26786	0.23112	0.23651	0.26452	143149
T3557	0.28138	0.21692	0.2219	0.27979	1503919
T3561	0.26994	0.22796	0.23716	0.26493	289411
T3562	0.27262	0.22543	0.23411	0.26784	445578
T3565	0.27149	0.22788	0.23437	0.26625	603967
T3568	0.27162	0.22504	0.23658	0.26676	133787
T3571	0.27268	0.2252	0.23422	0.2679	271591
T3572	0.26983	0.22773	0.23469	0.26775	364762
T3576	0.28159	0.21669	0.22159	0.28013	1445652
T3577	0.28183	0.21681	0.22154	0.27982	1489984
T3585	0.26811	0.23073	0.23629	0.26486	1701
T3586	0.26201	0.23603	0.24523	0.25673	145302
T3588	0.2836	0.21485	0.22142	0.28013	961532
T3591	0.262	0.23685	0.24548	0.25566	121312
T3592	0.24379	0.2069	0.24816	0.30116	1247
T3593	0.25808	0.23722	0.2512	0.25351	42576
T3594	NA	NA	NA	NA	NA
T3595	0.24526	0.24932	0.25034	0.25507	1480
T3600	0.26232	0.23779	0.2456	0.25429	177730
T3601	0.26108	0.23791	0.24593	0.25508	501413
T3605	0.35766	0.18978	0.19708	0.25547	137
T3611	0.28427	0.21412	0.21888	0.28274	573874
T3616	0.28657	0.21335	0.2175	0.28258	191538
T3618	0.28086	0.21749	0.22203	0.27963	1532373
T3624	0.28651	0.2146	0.20967	0.28922	10391
T3629	0.27244	0.22629	0.23355	0.26772	790426
T3649	0.25971	0.23882	0.24891	0.25256	229653
T3651	0.26054	0.23992	0.24445	0.25509	231729
T3652	0.26042	0.23984	0.24679	0.25295	442767
T3653	0.26217	0.2387	0.2451	0.25402	326393
T3654	0.26134	0.23836	0.24556	0.25475	368080
T3655	0.26059	0.2393	0.24701	0.25309	434659
T3656	0.261	0.23862	0.24567	0.2547	567687
T3657	0.26136	0.23882	0.24609	0.25372	468494
T3658	0.25929	0.2422	0.24895	0.24956	176308
T3661	0.28152	0.21694	0.22203	0.2795	1233284
T3662	NA	NA	NA	NA	NA
T3663	0.28002	0.21816	0.22297	0.27885	1732932
T3670	0.28206	0.21606	0.22167	0.28021	1162680
T3676	0.25295	0.23594	0.24417	0.26694	3309
T3678	0.28042	0.21935	0.22448	0.27575	156457
T3681	0.27633	0.22364	0.22668	0.27335	35586
T3683	0.28232	0.21622	0.22018	0.28128	858061
T3686	0.28319	0.21541	0.21994	0.28147	1054677
T3688	0.27322	0.22294	0.23289	0.27096	148864
T3689	0.28104	0.21718	0.22199	0.27979	1244360
T3691	0.25882	0.22749	0.24775	0.26594	1903
T3693	0.28231	0.21603	0.21989	0.28178	1165127
T3695	0.27628	0.21417	0.22619	0.28336	39931
T3698	0.28018	0.21504	0.22139	0.28339	140401
T3703	0.28287	0.21475	0.22147	0.2809	709699
T3715	0.28548	0.21277	0.2183	0.28344	992758
T3743	0.28383	0.21475	0.22003	0.28139	1219929
T3762	0.2837	0.2137	0.22041	0.2822	145314
T3776	0.28043	0.2174	0.22257	0.2796	589580
T3778	0.2868	0.21174	0.21613	0.28534	1015203
T3782	0.28428	0.2115	0.21925	0.28497	148076
T3786	0.28228	0.21571	0.22049	0.28152	998807
T3791	0.27301	0.22075	0.23043	0.27581	63459
T3800	0.28235	0.21596	0.22	0.28169	1293841
T3805	0.28097	0.2174	0.2215	0.28013	718941
T3807	0.26866	0.22773	0.23094	0.27268	36989
T3809	0.29427	0.2043	0.20346	0.29798	108695
T3935	0.23984	0.23591	0.23722	0.28702	763
T401	0.28075	0.21713	0.22229	0.27982	1519228
T4029	0.28516	0.21341	0.21842	0.28301	909366
T402	0.28063	0.21745	0.22238	0.27954	1547222
T403	0.28079	0.21757	0.22191	0.27974	1525407
T414	0.28067	0.21733	0.22235	0.27966	1534465
T416	0.26641	0.23616	0.21118	0.28626	1539
T417	0.28021	0.21812	0.22288	0.27878	1398390
T418	0.28037	0.21809	0.22285	0.27869	1411248
T419	0.28164	0.21629	0.2217	0.28037	974518
T423	0.2803	0.21764	0.22205	0.28001	1427318
T424	0.28071	0.2166	0.22208	0.28061	1299065
T425	0.28053	0.21787	0.22282	0.27878	1354564
T426	0.27806	0.22009	0.22533	0.27653	792285
T467	0.28077	0.21772	0.22279	0.27872	1532998
T468	0.28397	0.21555	0.21694	0.28354	540641
T472	0.28107	0.2163	0.22144	0.28118	1170161
T483	0.28234	0.21456	0.22061	0.2825	466743
T486	0.28034	0.21781	0.22335	0.27849	1614369
T501	0.27992	0.21792	0.22323	0.27893	1588103
T513	0.27024	0.22816	0.23456	0.26704	619992
T523	0.28012	0.21788	0.22281	0.2792	1634631
T528	0.28116	0.21711	0.22275	0.27899	1481539
T529	0.28085	0.21762	0.22297	0.27855	1464490
T534	0.28049	0.21741	0.22249	0.27961	1534872
T537	0.27983	0.21788	0.22306	0.27923	903008
TF7101	0.28181	0.21627	0.22167	0.28024	1103972
TF7102	0.28146	0.21634	0.22248	0.27972	1228939
TF7103	0.2822	0.216	0.22199	0.2798	1063645
TF7106	0.26991	0.22788	0.20796	0.29425	452
TF7107	0.28769	0.20852	0.21468	0.2891	70235
TF7108	0.28644	0.21193	0.21664	0.28499	71842
TF7109	0.28535	0.21157	0.21641	0.28668	102875
TF7110	0.2853	0.21239	0.21482	0.28749	111318
TF7111	0.29077	0.20753	0.21493	0.28677	49915
TF7112	0.28615	0.21027	0.21655	0.28703	79067
TF7113	0.28556	0.2119	0.21706	0.28548	88382
TF7114	0.28864	0.21016	0.21581	0.28539	69222
TF7120	0.282	0.21614	0.22106	0.2808	1160164
TF7121	0.283	0.21518	0.22044	0.28138	884121
TF7122	0.28173	0.21585	0.22059	0.28182	1177104
TF7123	0.28353	0.21401	0.21955	0.2829	711607
TF7124	0.28212	0.21575	0.22064	0.28149	1004573
TF7125	0.28225	0.2161	0.22136	0.28029	1185624
TF7126	0.28184	0.21639	0.22052	0.28125	1269796
TF7127	0.28185	0.21639	0.22093	0.28083	1161376
TF7128	0.2805	0.21811	0.22246	0.27893	1748380
TF7129	0.2821	0.21577	0.22022	0.28191	1188418
TF7130	0.287	0.21139	0.21514	0.28646	93519
TF7131	0.28702	0.21112	0.21534	0.28652	91021
TF7133	0.28191	0.2156	0.22171	0.28078	1131275
TF7134	0.2809	0.21647	0.22223	0.2804	1133053
TF7135	0.28338	0.21513	0.22065	0.28084	1015497
TF7136	0.28252	0.21488	0.22161	0.281	1205537
TF7137	0.2811	0.21663	0.22239	0.27989	1480667
TF7138	0.28164	0.21618	0.22148	0.28069	1279085
TF7139	0.28158	0.21618	0.22263	0.27961	1344346
TF7140	0.2831	0.21318	0.22064	0.28308	227987
TF7141	0.28183	0.21592	0.22152	0.28072	800818
TF7142	0.28324	0.21462	0.22094	0.28119	781694
TF8500	0.28347	0.2143	0.22163	0.2806	617960
TF8501	0.28231	0.21647	0.22148	0.27974	740860
TF8502	0.28164	0.21659	0.22173	0.28005	1148344
TF8503	0.28112	0.21695	0.22144	0.28049	954441
TF8505	0.28184	0.21663	0.22172	0.2798	1273171
TF8509	0.2811	0.21717	0.22214	0.27958	1265175
TF8510	0.2817	0.21646	0.22414	0.2777	56054
TF8511	0.28121	0.21727	0.22217	0.27936	1110156
TF8512	0.28108	0.21637	0.22242	0.28013	1305754
TF8513	0.28231	0.21615	0.22178	0.27976	1271990
TF8514	0.28182	0.21632	0.22187	0.27998	1273848
TF8515	0.28177	0.21632	0.22123	0.28067	1318380
TF8516	0.28052	0.21759	0.22236	0.27953	1291232
TF8517	0.28087	0.21757	0.22243	0.27913	1447211
TF8518	0.28138	0.21739	0.22132	0.27991	1289093
TF8519	0.28038	0.21784	0.22228	0.2795	1371440
TF8520	0.28073	0.21756	0.22223	0.27948	1334158
TF8521	0.28122	0.21736	0.22215	0.27927	1427234
TF8522	0.2812	0.21702	0.22165	0.28013	1319601
TF8523	0.28083	0.21742	0.22214	0.27961	1570440
TF8524	0.28106	0.21731	0.2219	0.27974	1444333
TF8525	0.28094	0.21746	0.22245	0.27915	1323049
TF8526	0.28145	0.21593	0.22088	0.28174	961942
TF8527	0.28094	0.21682	0.22139	0.28086	1212602
TF8528	0.28211	0.21548	0.21988	0.28253	549911
TF8529	0.28117	0.21695	0.22198	0.27991	1423495
TF8530	0.28144	0.21666	0.22232	0.27958	1401303
TF8531	0.28116	0.21723	0.2221	0.2795	1523586
TF8532	0.28387	0.21615	0.21832	0.28166	221927
TF8533	0.28291	0.21681	0.21881	0.28147	404888
TF8534	0.28389	0.21698	0.21818	0.28095	182956
TF8535	0.28306	0.21688	0.21977	0.2803	260443
TF8536	0.28032	0.21809	0.22222	0.27936	1548108
TF8537	0.28166	0.21704	0.22079	0.28052	1037606
TF8538	0.2817	0.21596	0.22156	0.28078	1101823
TF8539	0.28211	0.21617	0.22059	0.28113	986683
TF8540	0.28382	0.21474	0.21826	0.28319	215699
TF8541	0.28295	0.21475	0.22181	0.28049	224812
TF8542	0.28116	0.21627	0.2217	0.28086	1034297
TF8543	0.28109	0.2173	0.22167	0.27994	1234019
TF8544	0.28192	0.21672	0.22018	0.28118	920274
TF8545	0.28071	0.21767	0.22258	0.27904	1576695
TF8546	0.28058	0.21752	0.22285	0.27904	1593675
TF8547	0.28133	0.21715	0.22202	0.27951	1250225
TF8548	0.28064	0.21771	0.22272	0.27892	1632409
TF8549	0.28086	0.21735	0.2223	0.27949	1575817
TF8550	0.28017	0.21788	0.2232	0.27875	1724263
TF8552	0.28039	0.21769	0.22252	0.2794	1592704
TF8553	0.28077	0.2177	0.22261	0.27893	1675448
TF8554	0.28036	0.21824	0.22275	0.27865	1602455
TF8555	0.28067	0.21733	0.22253	0.27948	1404709
TF8556	0.27674	0.22113	0.22885	0.27329	835530
TF8557	0.28057	0.21737	0.22247	0.27959	1512877
TF8558	0.28018	0.21811	0.22321	0.2785	1536795
TF8559	0.28038	0.2179	0.22313	0.27859	1566921
TF8560	0.28083	0.21697	0.22245	0.27974	1501738
TF8561	0.27986	0.21815	0.22297	0.27902	1678588
TF8563	0.25909	0.20766	0.24587	0.28739	1102
TF8564	0.28034	0.21789	0.22275	0.27902	1669727
TF8565	0.28045	0.21773	0.22238	0.27944	1547748
TF8566	0.28098	0.21727	0.22221	0.27955	1357044
TF8567	0.28065	0.21769	0.22251	0.27915	1533534
TF8568	0.28143	0.21722	0.2221	0.27924	1429045
TF8569	0.28041	0.21774	0.22289	0.27896	1545630
TF8570	0.28053	0.21771	0.22234	0.27942	1483868
TF8571	0.28057	0.21753	0.22298	0.27892	1737489
TF8572	0.28031	0.21796	0.22281	0.27892	1623599
TF8575	0.2802	0.21788	0.22309	0.27883	1768397
TF8576	0.28173	0.21659	0.22144	0.28023	1172148
TF8577	0.28308	0.21534	0.21999	0.28158	1012126
TF8578	0.28118	0.21677	0.22141	0.28064	1195012
TF8579	0.28101	0.21737	0.22202	0.2796	1221217
TF8580	0.28432	0.21487	0.2197	0.28111	432764
TF8581	0.2802	0.21764	0.22256	0.27959	1453416
TF8582	0.28225	0.21549	0.22037	0.28189	1070772
TF8583	0.28083	0.21715	0.22209	0.27992	1281929
TF8584	0.28091	0.21723	0.22184	0.28002	1525519
TF8585	0.2815	0.21621	0.22123	0.28106	1204402
TF8586	0.28099	0.21693	0.22198	0.2801	1409655
TF8587	0.28164	0.2169	0.22119	0.28026	1409268
TF8588	0.28046	0.21742	0.22235	0.27977	1487543
TF8589	0.28084	0.21715	0.22226	0.27975	1436222
TF8590	0.28116	0.21684	0.22183	0.28017	1449326
TF8591	0.28044	0.21759	0.22278	0.27919	1628111
TF8592	0.28545	0.21392	0.21917	0.28145	389252
TF8593	0.28078	0.21753	0.22197	0.27972	1506276
TF8594	0.28077	0.21774	0.2221	0.27939	1532433
TF8595	0.29512	0.19652	0.22318	0.28518	683
TF8596	0.28095	0.21765	0.22183	0.27957	1464843
TF8597	0.28117	0.21746	0.22149	0.27988	1488706
TF8598	NA	NA	NA	NA	NA
TF8599	0.28154	0.2165	0.22129	0.28068	1183183
TF8600	0.28159	0.21687	0.22099	0.28056	1038652
TF8601	0.28239	0.21647	0.22088	0.28026	771706
TF8603	0.28693	0.2125	0.21541	0.28515	146664
TF8604	0.28799	0.20959	0.21995	0.28247	49369
TF8605	0.28564	0.20995	0.21583	0.28857	86327
TF8607	0.28164	0.21615	0.22119	0.28102	1132994
TF8609	0.28158	0.21645	0.22062	0.28134	886526
TF8610	0.28179	0.21588	0.22117	0.28116	836322
TF8611	0.2811	0.21689	0.22102	0.28099	1284278
TF8612	0.28123	0.21682	0.22172	0.28024	1269397
TF8613	0.28132	0.21693	0.22166	0.28009	1340879
TF8614	0.28778	0.21	0.2162	0.28602	95710
TF8615	0.28696	0.21179	0.21668	0.28457	107014
TF8616	0.28558	0.2118	0.21826	0.28437	70259
TF8635	0.28219	0.21536	0.22002	0.28243	647903
TF8636	0.28035	0.21761	0.22235	0.27969	1440221
TF8637	0.28256	0.21595	0.2198	0.28168	1138768
TF8638	0.28189	0.21613	0.22097	0.28101	1123692
TF8639	0.28167	0.21663	0.22153	0.28018	1305839
TF8640	0.2808	0.21754	0.22236	0.27931	1541053
TF8641	0.2807	0.21742	0.22203	0.27985	1463565
TF8642	0.28197	0.21623	0.22048	0.28132	839010
TF8643	0.28129	0.21531	0.22081	0.28259	661964
TF8644	0.28324	0.21525	0.21923	0.28228	712906
TF8645	0.28103	0.21655	0.22129	0.28113	881967
TF8646	0.28084	0.21701	0.22225	0.2799	1430132
TF8647	0.28396	0.21443	0.2193	0.28232	721482
TF8648	0.28202	0.21558	0.22039	0.28201	869994
TF8649	0.28263	0.21559	0.22002	0.28177	824211
TF8650	0.28277	0.21489	0.21974	0.28259	944576
TF8651	0.28191	0.21616	0.22122	0.28071	1396320
TF8652	0.28136	0.21608	0.22104	0.28151	1241113
TF8653	0.28181	0.21686	0.22134	0.27999	1363962
TF8674	0.28053	0.2178	0.22327	0.2784	1588295
TF8675	0.28048	0.21738	0.22317	0.27897	1503003
TF8676	0.28101	0.21723	0.22258	0.27917	1161860
TF8677	0.25045	0.2281	0.22844	0.29302	1681
TF8678	0.28	0.21793	0.22328	0.27879	1305831
TF8679	0.24929	0.22165	0.24144	0.28761	2102
TF8680	0.28014	0.21813	0.22337	0.27837	1617573
TF8681	0.27999	0.21803	0.22318	0.2788	1210115
TF8682	0.28018	0.21822	0.22351	0.2781	1506072
TF8683	0.28023	0.21788	0.22305	0.27883	1595879
TF8684	0.28054	0.21793	0.22295	0.27857	1629405
TF8685	0.28075	0.21788	0.22311	0.27827	1535408
TF8686	0.28153	0.21623	0.22187	0.28037	1040907
TF8687	0.28057	0.2174	0.22278	0.27925	1450897
TF8688	0.28033	0.21738	0.22339	0.27889	1472818
TF8689	0.28089	0.2175	0.22259	0.27902	1352894
TF8690	0.28081	0.2174	0.22283	0.27896	1527323
TF8691	0.28	0.21767	0.22327	0.27906	1600731
TF8692	0.28043	0.2175	0.22313	0.27894	1582886
TF8694	0.28074	0.21755	0.22298	0.27874	1496956
TF8695	0.2817	0.21588	0.22311	0.27931	987535
TF8696	0.28082	0.21735	0.22255	0.27927	1413658
TF8697	0.2808	0.21757	0.22305	0.27858	1569290
TF8698	0.28071	0.21757	0.2227	0.27903	1392676
TF8699	0.28019	0.21782	0.22317	0.27883	1460315
UTA56347	0.28039	0.21716	0.22271	0.27974	317336
UTA60803	0.28533	0.2143	0.21754	0.28283	336371
V10	0.27982	0.21493	0.22383	0.28141	4403
V11	0.28124	0.21754	0.22239	0.27884	1709070
V12	0.28287	0.21427	0.2202	0.28267	266689
V1311	0.28197	0.21602	0.21924	0.28276	355152
V1312	0.28139	0.21626	0.22101	0.28134	573441
V13	0.28347	0.21384	0.21949	0.2832	485135
V14	0.28339	0.21425	0.21898	0.28338	505885
V15	0.28197	0.21562	0.22062	0.2818	316611
V16	0.27973	0.21697	0.22204	0.28125	515476
V1	0.28312	0.21262	0.21982	0.28444	199056
V2593	0.28195	0.21629	0.22052	0.28124	1122449
V2594	0.281	0.21708	0.22206	0.27986	1554535
V2595	0.28184	0.21644	0.22139	0.28033	1459531
V2596	0.28186	0.21626	0.22073	0.28115	1351155
V2598	0.28158	0.21687	0.22132	0.28023	1481953
V2599	0.28142	0.21704	0.22203	0.27951	1566035
V2600	0.28166	0.21691	0.22188	0.27956	1571443
V2602	0.28135	0.21706	0.22202	0.27957	1619412
V2603	0.28118	0.21665	0.22166	0.28051	1380101
V2605	0.28137	0.21673	0.22139	0.28051	1396848
V2606	0.28122	0.21666	0.22136	0.28076	1427590
V2611	0.26686	0.18841	0.24512	0.29961	1379
V2612	0.26626	0.2285	0.22615	0.27909	5536
V2613	0.27007	0.22313	0.2137	0.2931	2803
V2617	NA	NA	NA	NA	NA
V2618	0.28938	0.17582	0.27839	0.25641	273
V2620	NA	NA	NA	NA	NA
V2621	0.22131	0.22869	0.24286	0.30714	140
V2644	0.28327	0.21449	0.21941	0.28283	5232
V2645	0.28112	0.21713	0.22119	0.28056	1263364
V2646	0.28366	0.21288	0.2169	0.28656	293777
V2648	0.28219	0.21652	0.22065	0.28064	1206389
V2649	0.28092	0.21731	0.22127	0.2805	1426759
V2650	0.28145	0.21592	0.22106	0.28158	966370
V2651	0.28205	0.21663	0.22054	0.28077	1204512
V2654	0.28221	0.21626	0.22063	0.28089	1330515
V2655	0.28197	0.21591	0.22078	0.28134	939011
V2656	0.29249	0.23022	0.15356	0.32374	139
V2657	0.28129	0.21682	0.22124	0.28064	1451624
V2658	0.28189	0.21569	0.22079	0.28163	1041833
V2659	0.28289	0.21269	0.22134	0.28307	285641
V2660	0.28127	0.21664	0.2215	0.28058	1215175
V2661	0.28154	0.2164	0.22155	0.28051	1260113
V2662	0.28176	0.21632	0.22165	0.28027	1039608
V2663	0.28206	0.21602	0.22117	0.28075	1046369
V2664	0.28219	0.21604	0.22144	0.28033	1120386
V2665	0.28249	0.21591	0.22105	0.28055	1043151
V2666	0.28168	0.2163	0.22133	0.28069	1137990
V2669	0.28161	0.21593	0.22124	0.28122	1228037
V2670	0.28198	0.21624	0.22182	0.27995	899629
V2685	0.28246	0.21522	0.22077	0.28155	1046621
V2686	0.28255	0.21617	0.22077	0.2805	1021051
V2687	0.28215	0.21597	0.22153	0.28035	1025419
V2688	0.28233	0.21654	0.221	0.28013	1132515
V2689	0.28231	0.21611	0.22063	0.28095	1310909
V2691	0.28207	0.21659	0.22108	0.28025	1376500
V2692	0.28384	0.21422	0.21978	0.28217	822130
V2693	0.2816	0.21688	0.22156	0.27996	1443542
V2695	0.28672	0.21091	0.21809	0.28428	317895
V2696	0.28232	0.21594	0.2214	0.28035	1220953
V2697	0.28275	0.21463	0.22168	0.28094	888215
V2699	0.28216	0.21606	0.22088	0.2809	1276951
V2700	0.28173	0.21645	0.22117	0.28065	1312809
V2701	0.28264	0.21554	0.22074	0.28108	1037676
V2702	0.28259	0.21484	0.22097	0.2816	751320
V2706	0.28361	0.21544	0.22114	0.27981	716918
V2707	0.28457	0.21323	0.22067	0.28153	618651
V2708	0.28178	0.21685	0.2212	0.28017	1354744
V2709	0.28407	0.20812	0.22144	0.28637	6354
V2717	0.28097	0.21722	0.22239	0.27942	1619518
V2718	0.281	0.21717	0.22265	0.27918	1632669
V2719	0.28173	0.21651	0.22236	0.2794	1475276
V2720	0.28354	0.21506	0.21954	0.28186	1248241
V2721	0.2811	0.21715	0.22218	0.27957	1585740
V2722	0.28098	0.21719	0.22239	0.27944	1670247
V2723	0.28788	0.2095	0.21668	0.28594	676295
V2724	0.28142	0.21712	0.22181	0.27964	1294364
V2725	0.28092	0.2165	0.22331	0.27927	460422
V2726	0.28197	0.21655	0.22206	0.27942	937131
V2727	0.29039	0.2014	0.21178	0.29643	83726
V2728	0.28044	0.21691	0.22371	0.27894	640110
V2729	0.28128	0.21714	0.22228	0.27929	1586528
V2730	0.28199	0.21588	0.22177	0.28036	1456536
V2747	0.28013	0.21812	0.22245	0.27931	1648168
V2749	0.28017	0.21806	0.22308	0.2787	1682160
V2750	0.29145	0.20709	0.20963	0.29182	76598
V2751	0.29518	0.20415	0.20899	0.29168	14648
V2752	0.29533	0.20451	0.20646	0.2937	75212
V2761	0.28171	0.21683	0.2234	0.27806	215492
V2762	0.29168	0.19923	0.21756	0.29153	20077
V2763	0.2818	0.21683	0.22126	0.28011	1016398
V2764	0.28292	0.21416	0.22167	0.28125	363114
V2778	0.28094	0.21688	0.22207	0.28012	1378792
V2779	0.28178	0.21623	0.22209	0.2799	1125526
V2780	0.28051	0.21757	0.22245	0.27947	1311884
V2781	0.28444	0.2115	0.21453	0.28952	134408
V2782	0.29994	0.20868	0.20256	0.28881	1797
V2783	0.28745	0.2095	0.21476	0.28829	144584
V2784	0.28707	0.21069	0.21477	0.28747	126312
V2785	0.28975	0.2101	0.21193	0.28822	113547
V2786	0.30133	0.1983	0.20111	0.29925	46302
V2787	0.2871	0.21119	0.21401	0.2877	110276
V2788	0.2862	0.20964	0.21381	0.29036	147536
V2789	0.28789	0.20961	0.21268	0.28982	145889
V2790	0.28046	0.2173	0.2218	0.28044	1389074
V2791	0.2806	0.21705	0.2224	0.27995	1463968
V2792	0.28243	0.21494	0.22109	0.28154	451653
V2793	0.28366	0.21426	0.22024	0.28184	515061
V2794	0.28355	0.21545	0.21951	0.28149	690167
V2795	0.28393	0.21417	0.21922	0.28268	475219
V2796	0.28043	0.21649	0.22243	0.28065	799414
V2797	0.28368	0.21421	0.22002	0.28209	573697
V2798	0.28197	0.21703	0.22143	0.27957	1455267
V2799	0.28205	0.21632	0.22197	0.27966	1367583
V2800	0.28219	0.21509	0.22091	0.2818	678838
V2830	0.28162	0.21827	0.21424	0.28587	4576
V2831	0.28211	0.21513	0.21976	0.28301	428339
V2832	0.28773	0.2102	0.2159	0.28617	88034
V2833	0.28138	0.21697	0.22211	0.27954	1282529
V2906	0.28261	0.21532	0.21879	0.28329	337014
V2921	0.28077	0.21778	0.2224	0.27906	1598538
V2	0.28139	0.21753	0.22211	0.27897	1659673
V3072	0.28407	0.21366	0.21979	0.28248	683857
V3074	0.28314	0.21545	0.21982	0.28159	587032
V3076	0.27856	0.21604	0.22905	0.27635	98040
V3077	0.28233	0.21585	0.22094	0.28088	305572
V3078	0.28384	0.21444	0.21994	0.28179	751170
V3079	0.28221	0.21554	0.22089	0.28135	988017
V3080	0.28156	0.21628	0.22136	0.2808	1238700
V3081	0.28237	0.2153	0.22105	0.28128	808219
V3082	0.27992	0.21902	0.22487	0.27619	160526
V3	0.2811	0.21761	0.22239	0.27889	1718378
V4	0.28094	0.2176	0.22265	0.2788	1727676
V5	0.2839	0.21258	0.21996	0.28356	228893
V6	0.28087	0.21802	0.22293	0.27818	1208130
V7	0.28295	0.21442	0.2215	0.28113	871133
V8	0.27627	0.22179	0.22964	0.2723	460141
V9	0.28472	0.20988	0.22461	0.2808	13224